1-207819492 -0.693147180559945 0.365642211128427 -0.49429632181478 0.264854229854742
rs6733839 0.207014169384326 0.0511594403612807 0.0676586484738149 0.0261957771653506
rs9367271 0.0582689081239758 0.060941625875527 0.104360015324243 0.0326671093549661
rs7806047 -0.116533816255952 0.0811512176519933 -0.139262067333508 0.0423221200425767
rs1532277 -0.210721031315653 0.0441330864866072 -0.0100503358535015 0.0269301995348656
rs7949816 -0.198450938723838 0.0588767361795966 -0.0512932943875506 0.0286102277063702
11-85677094 0.231111720963387 0.12142615840336 0.182321556793955 0.0656732913701661
rs56059558 -0.174353387144778 0.0889574443816596 -0.150822889734584 0.0494747369538132
rs6857 1.71379792775834 0.0842052219381033 -0.0512932943875506 0.0359815572534683
rs200656 0.0582689081239758 0.0492889200653155 0.0582689081239758 0.0342617918343372
rs35749011 0.0198026272961797 0.254585359592677 0.357674444271816 0.0892199033146389
rs6758044 -0.0408219945202552 0.0467937131599151 0.113328685307003 0.0258883863159061
rs13392079 -0.0512932943875506 0.0490821579148988 0.131028262406404 0.026889453784996
rs336549 0.048790164169432 0.0446951757451286 -0.105360515657826 0.0237805452626456
rs10513789 0.00995033085316809 0.100331900838734 0.104360015324243 0.0307884875906334
rs4698413 -0.0202027073175195 0.0446593608805949 0.139761942375159 0.0238159902087544
rs56275416 0.00995033085316809 0.049285053164976 0.139761942375159 0.0294023704376116
rs356165 0.0392207131532813 0.0446757930001204 -0.27443684570176 0.0247152125216002
rs7453703 0.182321556793955 0.0491873894552203 0.0953101798043249 0.0277741519279356
rs587738 0.0198026272961797 0.0394846370039694 0.0953101798043249 0.0251407105819693
8-89647688 0.405465108108164 0.230062834176553 0.488580014818671 0.114252192650035
rs2263418 -0.0725706928348354 0.0782974875144063 0.215111379616945 0.0379950486295945
rs6489158 -0.0725706928348354 0.0465499709827281 -0.0943106794712413 0.0251794035302313
rs2359612 0.0769610411361284 0.0429271104091605 0.113328685307003 0.0243654426842288
rs9897399 -0.083381608939051 0.051731175947757 -0.287682072451781 0.0318065050368474
