rsID Nstudy LSs LSse LSp RE2Cs1 RE2Cs2 RE2Cp* RE2Cp
1-207819492 2 -0.56 0.05 0.0162912414779859 5.77116388402381 0 0.0238898895944883 1
rs6733839 2 0.09 0 0.000299413075026364 13.074062277099 2.210231905274 0.000166931831597538 3.04216203645658e-05
rs9367271 2 0.1 0 0.00170985376122678 9.83754683757452 0 0.00278594505007524 1
rs7806047 2 -0.14 0 0.000696349076490673 11.4989662395486 0 0.0011746065990332 1
rs1532277 2 -0.06 0 0.0235691333647433 5.12606277291329 11.5656789068429 8.11478043768139e-05 1.47703368682187e-05
rs7949816 2 -0.07 0 0.00839477420962463 6.94725938194434 1.46154027655159 0.00588611647644272 0.00116631604536794
11-85677094 2 0.19 0 0.00193832767755407 9.60704055332483 0 0.00314210356301896 1
rs56059558 2 -0.16 0 0.00077492360083936 11.3003529085794 0 0.00130198480501536 1
rs6857 2 0.13 0 0.000175807756776074 14.073452644399 413.46477333539 3.23725937918991e-94 1.59102975431472e-95
rs200656 2 0.06 0 0.0547524793948963 3.68960810457042 0 0.0746095090102645 1
rs35749011 2 0.34 0.01 0.000124295768068072 14.7263678197214 0 0.000222304820920903 1
rs6758044 2 0.08 0 0.000478083375706012 12.1992654200736 4.52246153353384 7.99118296660243e-05 1.47703368682187e-05
rs13392079 2 0.1 0 0.000105250164953321 15.0401128955153 6.73534998104795 6.06763966437734e-06 1.03859687586812e-06
rs336549 2 -0.08 0 0.000427329519413874 12.4087381702908 5.3598840882002 4.6782376784408e-05 8.48249409001204e-06
rs10513789 2 0.1 0 0.000985586473714292 10.8544496833207 0 0.00164099614317945 1
rs4698413 2 0.11 0 5.63038322625509e-07 25.0348353217094 6.06160708813365 5.38180128448724e-08 8.20055351903513e-09
rs56275416 2 0.11 0 3.82352846957645e-05 16.9570392338617 1.81923875622929 2.79640033916105e-05 4.85874315667483e-06
rs356165 2 -0.22 0 9.40391941444957e-21 87.2832871487428 36.2121621605149 3.80911394381975e-28 3.16962237375759e-29
rs7453703 2 0.11 0 1.4046359353102e-05 18.8628238679622 0 2.67558451109461e-05 1
rs587738 2 0.08 0 0.000775206398341647 11.2996754669218 0.215004996173884 0.00116508075878683 1
8-89647688 2 0.48 0.01 1.17987911919661e-05 19.1955533287742 0 2.25786071564901e-05 1
rs2263418 2 0.17 0 1.44314953462796e-06 23.2222892086565 6.76047094805391 9.45210235596331e-08 1.46808157522997e-08
rs6489158 2 -0.09 0 0.000129479634503818 14.6493449717811 0 0.000231278402212883 1
rs2359612 2 0.11 0 2.79959331229851e-06 21.9492291222153 0 5.55439311428093e-06 1
rs9897399 2 -0.24 0 1.37292494055163e-16 68.344430069274 7.68814652488119 8.19044061621426e-18 8.32815136445288e-19
